0	file:/C:/Users/znowak/Documents/Projects/znowak_s21/almawadie/scripts/10-Things-I-Hate-About-You.txt	0.0038665038665038664	0.0014245014245014246	0.17684167684167684	2.035002035002035E-4	0.01024284357617691	0.5619997286663954	0.0016958350291683625	0.006308506308506308	0.029643196309862976	0.20777370777370777
1	file:/C:/Users/znowak/Documents/Projects/znowak_s21/almawadie/scripts/12-and-Holding.txt	6.965728615213152E-5	0.005224296461409863	0.22032599609919198	2.0897185845639453E-4	6.965728615213152E-5	0.4090972415714684	0.026957369740874895	4.876010030649206E-4	0.051198105321816664	0.28636110337141263
2	file:/C:/Users/znowak/Documents/Projects/znowak_s21/almawadie/scripts/12-Monkeys.txt	3.8364152535870484E-5	0.02090846313204941	0.3034988107112714	3.8364152535870484E-5	0.005255888897414256	0.030346044655873552	2.685490677510934E-4	0.3959564183227193	0.0036445944909076957	0.2400445024169416
3	file:/C:/Users/znowak/Documents/Projects/znowak_s21/almawadie/scripts/12-Years-a-Slave.txt	0.0010723170627091017	0.0015870292528094706	0.2833919533327614	4.289268250836407E-5	0.4830144977266878	0.0159989705756198	4.289268250836407E-5	1.2867804752509222E-4	0.023290726602041692	0.19143004203482886
4	file:/C:/Users/znowak/Documents/Projects/znowak_s21/almawadie/scripts/127-Hours.txt	4.947695787390444E-4	0.06212892281594572	0.6622137404580153	7.068136839129205E-5	0.00515973989256432	0.11697766468758836	0.006432004523607577	0.013500141362736782	7.068136839129205E-5	0.13295165394402036
5	file:/C:/Users/znowak/Documents/Projects/znowak_s21/almawadie/scripts/1492-Conquest-of-Paradise.txt	5.3265153936294876E-5	0.009534462554596782	0.40550761691701287	1.5979546180888463E-4	0.4499307552998828	0.001225098540534782	1.5979546180888463E-4	4.7938638542665386E-4	0.001225098540534782	0.13172472568445723
6	file:/C:/Users/znowak/Documents/Projects/znowak_s21/almawadie/scripts/15-Minutes.txt	9.143407122232917E-4	8.180943214629451E-4	0.1059191530317613	1.4436958614051973E-4	6.256015399422522E-4	0.05972088546679499	9.143407122232917E-4	0.5563522617901828	0.014581328200192492	0.260009624639076
7	file:/C:/Users/znowak/Documents/Projects/znowak_s21/almawadie/scripts/17-Again.txt	0.015439276485788113	0.0022609819121447027	0.20729974160206718	6.459948320413436E-5	0.0034237726098191213	0.6238372093023256	0.0012273901808785529	0.028617571059431524	0.003165374677002584	0.1146640826873385
8	file:/C:/Users/znowak/Documents/Projects/znowak_s21/almawadie/scripts/187.txt	0.003711389576183255	0.0011573150291324128	0.2437943969989624	3.5916673317902466E-4	2.7935190358368585E-4	0.03428046931119802	3.990741479766941E-5	0.06061936307765983	0.39823609226594303	0.25752254768936067
9	file:/C:/Users/znowak/Documents/Projects/znowak_s21/almawadie/scripts/2001-A-Space-Odyssey.txt	0.00876993166287016	0.3429384965831435	0.1928246013667426	5.694760820045558E-4	0.051594533029612755	0.002164009111617312	0.019020501138952164	0.0010250569476082006	0.0033029612756264237	0.37779043280182234
10	file:/C:/Users/znowak/Documents/Projects/znowak_s21/almawadie/scripts/2012.txt	0.00909350599885736	0.3430298990668444	0.25580841744429633	4.760997905160922E-5	0.044705770329461055	0.11612073890687488	0.03804037326223576	0.06974861931060751	1.4282993715482764E-4	0.12326223576461626
11	file:/C:/Users/znowak/Documents/Projects/znowak_s21/almawadie/scripts/28-Days-Later.txt	5.4249547920434E-4	0.011995177817962627	0.42887281494876434	6.027727546714889E-5	0.008016877637130802	0.19198312236286919	6.027727546714889E-5	0.24876431585292344	6.027727546714889E-5	0.10964436407474382
12	file:/C:/Users/znowak/Documents/Projects/znowak_s21/almawadie/scripts/30-Minutes-or-Less.txt	5.411841108345059E-5	0.018021430890789048	0.21739365732222102	1.6235523325035177E-4	0.001569433921420067	0.4925316592704838	5.411841108345059E-5	0.20397229137352527	5.411841108345059E-5	0.06618681675506007
13	file:/C:/Users/znowak/Documents/Projects/znowak_s21/almawadie/scripts/44-Inch-Chest.txt	0.03188498402555911	0.001853035143769968	0.2541214057507987	0.004536741214057508	0.016166134185303514	0.08760383386581469	0.0014696485623003194	0.011437699680511183	0.3471565495207668	0.24376996805111822
14	file:/C:/Users/znowak/Documents/Projects/znowak_s21/almawadie/scripts/48-Hrs..txt	0.013069237918215614	5.227695167286245E-4	0.14120585501858737	5.808550185873606E-5	0.006679832713754647	0.07208410780669144	2.904275092936803E-4	0.2694586431226766	0.3169725836431227	0.17965845724907062
15	file:/C:/Users/znowak/Documents/Projects/znowak_s21/almawadie/scripts/50-50.txt	1.8083182640144665E-4	0.006690777576853526	0.1581072935503315	6.027727546714889E-5	0.002109704641350211	0.5133815551537071	4.219409282700422E-4	0.006931886678722122	1.8083182640144665E-4	0.31193490054249545
16	file:/C:/Users/znowak/Documents/Projects/znowak_s21/almawadie/scripts/500-Days-of-Summer.txt	0.014118946206026188	0.005284745227953936	0.10435399905347846	5.521375611295156E-4	0.001656412683388547	0.5910238207919231	2.36630383341221E-4	0.0014986590944943998	2.36630383341221E-4	0.2810380186149235
17	file:/C:/Users/znowak/Documents/Projects/znowak_s21/almawadie/scripts/8MM.txt	0.0026020669940628894	2.565418163160595E-4	0.2116469984607491	3.664883090229422E-5	1.0994649270688265E-4	0.04284248332478194	6.963277871435902E-4	0.43498497397933006	1.0994649270688265E-4	0.3067140658213003
18	file:/C:/Users/znowak/Documents/Projects/znowak_s21/almawadie/scripts/9.txt	0.0012187195320116997	0.1031036724081898	0.8132109197270069	8.124796880077999E-5	0.013080922976925577	8.124796880077999E-5	8.124796880077999E-5	8.124796880077999E-5	0.004306142346441339	0.06475463113422164
19	file:/C:/Users/znowak/Documents/Projects/znowak_s21/almawadie/scripts/A-Few-Good-Men.txt	0.006269738064276426	0.310375255433773	0.020759799368381942	4.644250417982538E-5	0.03673602080624187	0.05865688277911945	0.0021827976964517927	0.04379528144157533	0.009056288315065948	0.5121214935909344
20	file:/C:/Users/znowak/Documents/Projects/znowak_s21/almawadie/scripts/A-Most-Violent-Year.txt	0.012290990766159221	0.008797105066134264	0.12933616171699525	6.239081607187422E-5	4.3673571250311955E-4	0.05683803344147741	8.110806089343649E-4	0.1786249064137759	0.005802345894684303	0.6070002495632643
21	file:/C:/Users/znowak/Documents/Projects/znowak_s21/almawadie/scripts/A-Prayer-Before-Dawn.txt	0.0012216575449569976	0.0023944487881157155	0.473465598123534	2.443315089913995E-4	0.02575254104769351	0.007476544175136826	2.443315089913995E-4	0.024091086786551995	0.3948885848318999	0.07022087568412823
22	file:/C:/Users/znowak/Documents/Projects/znowak_s21/almawadie/scripts/A-Quiet-Place.txt	3.868258178603006E-4	0.027133068081343942	0.8606874447391689	5.5260831122900086E-5	2.7630415561450045E-4	1.6578249336870026E-4	5.5260831122900086E-5	0.01210212201591512	5.5260831122900086E-5	0.09908267020335985
23	file:/C:/Users/znowak/Documents/Projects/znowak_s21/almawadie/scripts/A-Scanner-Darkly.txt	6.110171084790374E-4	0.019505546155292347	0.215125023500658	4.7001316036849034E-5	0.00145704079714232	0.37182741116751267	4.7001316036849034E-5	0.09508366234254559	7.990223726264335E-4	0.29549727392366987
24	file:/C:/Users/znowak/Documents/Projects/znowak_s21/almawadie/scripts/A-Serious-Man.txt	0.0014102162331557505	6.789930011490651E-4	0.2555625195863366	1.5669069257286117E-4	0.013632090253838922	0.04350778230439779	0.03295727567115846	0.07035412096521466	8.879139245795467E-4	0.5808523973675964
25	file:/C:/Users/znowak/Documents/Projects/znowak_s21/almawadie/scripts/Above-the-Law.txt	0.0015717926932880203	0.00794392523364486	0.2732795242141037	2.1240441801189465E-4	0.010832625318606627	0.005904842820730671	1.274426508071368E-4	0.23147833474936277	0.2955395072217502	0.17310960067969414
26	file:/C:/Users/znowak/Documents/Projects/znowak_s21/almawadie/scripts/Absolute-Power.txt	3.856324371970031E-4	0.0028096077567210226	0.19210004407227854	5.509034817100044E-5	0.0017078007933010136	0.11387174966945791	5.509034817100044E-5	0.2125936535918907	1.6527104451300131E-4	0.47625605993829884
27	file:/C:/Users/znowak/Documents/Projects/znowak_s21/almawadie/scripts/Abyss,-The.txt	6.185416969873381E-4	0.3063964488429632	0.4564473875709504	1.0915441711541261E-4	3.638480570513753E-5	0.023977586959685635	0.14019065638189493	0.012771066802503275	0.0017100858681414642	0.057742686654053264
28	file:/C:/Users/znowak/Documents/Projects/znowak_s21/almawadie/scripts/Adaptation.txt	0.0030252257283812714	0.005631574048217444	0.2270780973657265	2.3270967141394397E-4	0.011309690030717677	0.4485246206832356	6.050451456762543E-4	0.008237922368053617	0.0031183095969468493	0.2922368053616308
29	file:/C:/Users/znowak/Documents/Projects/znowak_s21/almawadie/scripts/Addams-Family,-The.txt	0.27540740740740743	1.4814814814814815E-4	0.39185185185185184	0.004888888888888889	0.04281481481481481	0.01674074074074074	0.0013333333333333333	0.02148148148148148	0.0022222222222222222	0.2431111111111111
30	file:/C:/Users/znowak/Documents/Projects/znowak_s21/almawadie/scripts/Adventures-of-Buckaroo-Banzai-Across-the-Eighth-Dimension,-The.txt	0.004192002948221854	0.46042933480744425	0.20384190160309562	4.6065966463976415E-5	0.001888704625023033	0.02298691726552423	0.0015201768933112217	0.12018610650451446	0.019209508015478164	0.16569928137092316
31	file:/C:/Users/znowak/Documents/Projects/znowak_s21/almawadie/scripts/Affliction.txt	0.05967169476486247	0.0011091393078970719	0.2121413782904466	2.2182786157941438E-4	0.0024401064773735583	0.23816918071576457	0.180050280981958	0.07372079266489204	0.008207630878438331	0.22426796805678792
32	file:/C:/Users/znowak/Documents/Projects/znowak_s21/almawadie/scripts/After-School-Special.txt	0.003710462287104623	0.0076034063260340635	0.11246958637469587	6.082725060827251E-5	6.082725060827251E-5	0.6701338199513382	0.028527980535279805	0.0076034063260340635	0.0016423357664233577	0.16818734793187348
33	file:/C:/Users/znowak/Documents/Projects/znowak_s21/almawadie/scripts/After.Life.txt	0.21658456486042693	5.4734537493158185E-5	0.4645320197044335	5.4734537493158185E-5	5.4734537493158185E-5	0.03552271483305966	5.4734537493158185E-5	0.04241926655719759	5.4734537493158185E-5	0.24066776135741652
34	file:/C:/Users/znowak/Documents/Projects/znowak_s21/almawadie/scripts/Agnes-of-God.txt	0.03381590319792567	0.002268798617113224	0.13126620570440795	0.00162057044079516	3.2411408815903196E-4	0.059096802074330164	1.08038029386344E-4	0.004645635263612792	5.4019014693172E-4	0.766313742437338
35	file:/C:/Users/znowak/Documents/Projects/znowak_s21/almawadie/scripts/Air-Force-One.txt	4.394831677946735E-5	0.5088775599894524	0.23226685417948492	4.394831677946735E-5	0.01656851542585919	0.024742902346840116	4.394831677946735E-5	0.08372154346488529	1.3184495033840204E-4	0.13355893469280128
36	file:/C:/Users/znowak/Documents/Projects/znowak_s21/almawadie/scripts/Airplane-2-The-Sequel.txt	0.012297843665768193	0.3076707097933513	0.14583333333333334	5.615453728661276E-5	0.003650044923629829	0.1918800539083558	0.003200808625336927	0.0563230008984726	0.0072439353099730455	0.27184411500449235
37	file:/C:/Users/znowak/Documents/Projects/znowak_s21/almawadie/scripts/Airplane.txt	0.030044316996871743	0.384189259645464	0.14005474452554745	1.9551616266944735E-4	0.0014989572471324295	0.11515901981230449	0.0031934306569343066	0.026785714285714284	0.012317518248175183	0.28656152241918664
38	file:/C:/Users/znowak/Documents/Projects/znowak_s21/almawadie/scripts/Aladdin.txt	0.5680192572214581	0.011485557083906466	0.29718019257221456	3.43878954607978E-4	0.03569463548830812	0.03170563961485557	4.8143053645116916E-4	6.87757909215956E-5	0.0026822558459422283	0.05233837689133425
39	file:/C:/Users/znowak/Documents/Projects/znowak_s21/almawadie/scripts/Ali.txt	0.014848853106486405	0.004747075801306395	0.2306319307306699	0.00459516937566459	0.30612942427464684	0.03497645450402552	0.003303964757709251	0.03474859486556282	0.15452681148412578	0.21149172109980252
40	file:/C:/Users/znowak/Documents/Projects/znowak_s21/almawadie/scripts/Alien-3.txt	0.002882314552969328	0.23466391124646507	0.5886991516206221	3.806830541657603E-4	0.030944093974331087	3.806830541657603E-4	8.15749401783772E-4	0.04954318033500109	5.982162279747662E-4	0.0910920165325212
41	file:/C:/Users/znowak/Documents/Projects/znowak_s21/almawadie/scripts/Alien-Nation.txt	0.0010602987276415268	0.04467084639498432	0.30974552830536606	1.3829983404019914E-4	0.0027198967361239165	0.019592476489028215	4.148995021205975E-4	0.5053014936382076	0.002535496957403651	0.1138207634150839
42	file:/C:/Users/znowak/Documents/Projects/znowak_s21/almawadie/scripts/Alien-Resurrection.txt	1.6149870801033592E-4	0.4063845822566753	0.47216838931955213	2.691645133505599E-4	5.921619293712317E-4	0.07617355727820845	2.691645133505599E-4	0.015019379844961241	0.004468130921619294	0.024493970714900948
43	file:/C:/Users/znowak/Documents/Projects/znowak_s21/almawadie/scripts/Alien-vs.-Predator.txt	1.1489850631941785E-4	0.4479892761394102	0.5078896974339333	3.829950210647262E-5	2.6809651474530834E-4	0.009766373037150517	3.829950210647262E-5	0.009306779011872846	0.003715051704327844	0.020873228648027577
44	file:/C:/Users/znowak/Documents/Projects/znowak_s21/almawadie/scripts/Alien.txt	1.743577821690108E-4	0.468150645123794	0.4612925723584796	5.81192607230036E-5	5.81192607230036E-5	0.003196559339765198	4.068348250610252E-4	5.81192607230036E-5	2.90596303615018E-4	0.06631407648494711
45	file:/C:/Users/znowak/Documents/Projects/znowak_s21/almawadie/scripts/Aliens.txt	3.838771593090211E-5	0.4360460652591171	0.48026871401151633	1.1516314779270633E-4	0.0014203454894433781	0.013397312859884837	6.525911708253359E-4	0.024299424184261037	3.838771593090211E-5	0.043723608445297504
46	file:/C:/Users/znowak/Documents/Projects/znowak_s21/almawadie/scripts/All-About-Eve.txt	0.2465544352973823	0.0018037184349273888	0.10641938766071593	1.3874757191749144E-4	0.007538618074183702	0.006983627786513736	1.3874757191749144E-4	4.6249190639163815E-5	0.0054111553047821665	0.6249653131070206
47	file:/C:/Users/znowak/Documents/Projects/znowak_s21/almawadie/scripts/All-About-Steve.txt	0.005623883107326816	0.010249132765689057	0.25675391569431305	2.6279827604330916E-4	0.02044570587616945	0.4131714495952907	0.001839587932303164	0.017397245874067067	0.0035214968989803427	0.2707347839798171
48	file:/C:/Users/znowak/Documents/Projects/znowak_s21/almawadie/scripts/All-the-King's-Men.txt	0.3092549476135041	7.566938300349244E-4	0.08830034924330617	5.820721769499418E-5	0.0179860302677532	0.04348079161816065	9.89522700814901E-4	0.0023864959254947613	0.042665890570430735	0.4941210710128056
49	file:/C:/Users/znowak/Documents/Projects/znowak_s21/almawadie/scripts/All-the-President's-Men.txt	0.006137432602959734	0.005219685671676035	0.05248365263278651	5.162326488470804E-4	0.011988069289893311	0.053286681197659745	4.015142824366181E-4	0.08013077893770792	0.008202363198348056	0.781633589537685
50	file:/C:/Users/znowak/Documents/Projects/znowak_s21/almawadie/scripts/Almost-Famous.txt	0.0037254050925925927	0.012478298611111112	0.16981336805555555	3.616898148148148E-5	0.008644386574074073	0.25343605324074076	0.002640335648148148	0.005316840277777778	0.0023509837962962963	0.5415581597222222
51	file:/C:/Users/znowak/Documents/Projects/znowak_s21/almawadie/scripts/Alone-in-the-Dark.txt	6.885155604516662E-4	0.4777838979160929	0.41324703938309004	1.3770311209033325E-4	3.213072615441109E-4	4.590103736344442E-5	4.131093362709997E-4	0.07991370604975673	4.590103736344442E-5	0.027402919305976315
52	file:/C:/Users/znowak/Documents/Projects/znowak_s21/almawadie/scripts/Amelia.txt	0.021567253803042433	0.10513410728582866	0.23924139311449158	1.5012009607686148E-4	0.08441753402722178	0.027672137710168136	5.004003202562049E-5	0.016563250600480386	0.005254203362690152	0.49994995996797437
53	file:/C:/Users/znowak/Documents/Projects/znowak_s21/almawadie/scripts/American,-The.txt	0.20785686119873817	0.00606269716088328	0.3535587539432177	0.0010350946372239748	0.006259858044164038	0.003795347003154574	0.0013308359621451104	0.14072358044164038	4.929022082018927E-5	0.2793276813880126
54	file:/C:/Users/znowak/Documents/Projects/znowak_s21/almawadie/scripts/American-Beauty.txt	0.04771970279272355	5.764796310530361E-4	0.2138739431206764	5.764796310530361E-4	0.0019856520625160133	0.4403663848321804	6.405329233922624E-5	0.04118626697412247	6.405329233922624E-5	0.2535869843709967
55	file:/C:/Users/znowak/Documents/Projects/znowak_s21/almawadie/scripts/American-Gangster.txt	0.0021635839131172578	0.003775666044459528	0.11814865094179534	4.242321398269133E-5	0.030162905141693536	0.03296283726455116	0.02133887663329374	0.48451552689631766	0.0073392160190056	0.2995503139317835
56	file:/C:/Users/znowak/Documents/Projects/znowak_s21/almawadie/scripts/American-Graffiti.txt	0.01939477303988996	0.00994956441999083	0.2238881247134342	4.585052728106373E-5	6.87757909215956E-4	0.4494727189362678	0.0016047684548372307	0.20628152223750573	0.018569463548830812	0.07010545621274644
57	file:/C:/Users/znowak/Documents/Projects/znowak_s21/almawadie/scripts/American-History-X.txt	2.987928767778176E-4	8.963786303334528E-4	0.13571172463248476	5.9758575355563525E-5	0.014879885263535318	0.512190749372535	0.00830644197442333	0.1752719015178678	0.031134217760248595	0.12125014939643838
58	file:/C:/Users/znowak/Documents/Projects/znowak_s21/almawadie/scripts/American-Hustle.txt	0.001726302573760201	4.7080979284369113E-4	0.054143126177024485	5.2312199204854574E-5	0.0074806444862942035	0.2405838041431262	0.18963172211759782	0.08950617283950617	0.009259259259259259	0.4071458464113831
59	file:/C:/Users/znowak/Documents/Projects/znowak_s21/almawadie/scripts/American-Milkshake.txt	7.02543206407194E-5	0.003301953070113812	0.1948152311367149	7.02543206407194E-5	0.010889419699311507	0.4237038077841787	0.18230996206266686	0.02255163692567093	0.031403681326401575	0.13088379935366026
60	file:/C:/Users/znowak/Documents/Projects/znowak_s21/almawadie/scripts/American-Pie.txt	0.011742324849120966	0.007150354237732879	0.14661506166360536	1.9679874048806088E-4	3.279979008134348E-4	0.6501574389923904	0.0015087903437418	6.559958016268695E-5	1.9679874048806088E-4	0.1820388349514563
61	file:/C:/Users/znowak/Documents/Projects/znowak_s21/almawadie/scripts/American-President,-The.txt	0.0020914099163436032	0.07024076719036931	0.01892470924301163	0.003009589879616405	0.04606202815751887	0.1268618649255254	0.11023260559069578	0.01892470924301163	0.007090389716384412	0.5965619261375229
62	file:/C:/Users/znowak/Documents/Projects/znowak_s21/almawadie/scripts/American-Shaolin-King-of-Kickboxers-II.txt	3.60193475352475E-4	1.5436863229391788E-4	0.6508696099619224	5.145621076463929E-5	0.0713697643305547	0.045332921683647213	9.776680045281466E-4	3.60193475352475E-4	0.03792322733353916	0.19260059689204487
63	file:/C:/Users/znowak/Documents/Projects/znowak_s21/almawadie/scripts/American-Sniper.txt	0.002041457286432161	0.06464614740368509	0.3876151591289782	1.57035175879397E-4	0.03397194304857622	0.12672738693467336	0.1488170016750419	0.1823178391959799	0.00434463986599665	0.04936139028475712
64	file:/C:/Users/znowak/Documents/Projects/znowak_s21/almawadie/scripts/American-Splendor.txt	0.2024125299987369	8.210180623973727E-4	0.14481495515978274	6.315523556902867E-5	6.947075912593154E-4	0.24763167866616143	0.0023367437160540607	0.0014525704180876594	0.04376657824933687	0.3560060629026146
65	file:/C:/Users/znowak/Documents/Projects/znowak_s21/almawadie/scripts/American-Werewolf-in-London.txt	0.15179137603043755	7.926442612555485E-5	0.3282339885859226	0.0011889663918833227	0.021797717184527585	0.032102092580849714	7.133798351299937E-4	0.07331959416613824	0.001030437539632213	0.3897431832593532
66	file:/C:/Users/znowak/Documents/Projects/znowak_s21/almawadie/scripts/Amityville-Asylum,-The.txt	4.929577464788732E-4	0.0030281690140845073	0.3102112676056338	2.1126760563380283E-4	0.001056338028169014	0.03852112676056338	7.042253521126761E-5	0.06767605633802817	0.01584507042253521	0.5628873239436619
67	file:/C:/Users/znowak/Documents/Projects/znowak_s21/almawadie/scripts/Amour.txt	0.008479899497487437	0.0011515912897822446	0.14646147403685092	0.05705611390284757	0.0021984924623115578	0.018739530988274706	1.0469011725293132E-4	5.234505862646566E-4	0.0011515912897822446	0.7641331658291457
68	file:/C:/Users/znowak/Documents/Projects/znowak_s21/almawadie/scripts/An-Education.txt	0.2767901541521631	6.215813028344107E-5	0.09678020885131776	0.00578070611636002	0.0035430134261561414	0.034870711089010444	6.215813028344107E-5	0.0015539532570860268	1.8647439085032322E-4	0.5803704624564893
69	file:/C:/Users/znowak/Documents/Projects/znowak_s21/almawadie/scripts/Analyze-That.txt	0.13219161384690395	0.0022549975621647977	0.09891516333495856	4.266211604095563E-4	0.004570941004388103	0.2076426133593369	0.005424183325207216	0.19520965382740127	0.05576548025353486	0.2975987323256948
70	file:/C:/Users/znowak/Documents/Projects/znowak_s21/almawadie/scripts/Analyze-This.txt	0.14939987365761212	0.0015792798483891346	0.08054327226784586	3.158559696778269E-4	5.685407454200885E-4	0.2465571699305117	0.0022109917877447885	0.09911560328490208	0.0396083385975995	0.3801010739102969
71	file:/C:/Users/znowak/Documents/Projects/znowak_s21/almawadie/scripts/Anastasia.txt	0.0012685755708590069	1.812250815512867E-4	0.4162740123233055	1.812250815512867E-4	0.3785791953606379	0.04113809351214208	1.812250815512867E-4	0.0024767427812009183	6.040836051709557E-5	0.1596592968466836
72	file:/C:/Users/znowak/Documents/Projects/znowak_s21/almawadie/scripts/Angel-Eyes.txt	5.471547950656586E-4	1.492240350179069E-4	0.24358336649423	1.492240350179069E-4	4.974134500596896E-5	0.15305411858336648	4.974134500596896E-5	0.07645244727417429	7.461201750895344E-4	0.5252188619180262
73	file:/C:/Users/znowak/Documents/Projects/znowak_s21/almawadie/scripts/Anna-Karenina.txt	0.3605901820187534	2.2982165839308696E-4	0.19456701599558743	0.0046423974995403565	0.08002390145247289	5.056076484647913E-4	8.733223018937304E-4	4.5964331678617394E-5	4.5964331678617394E-5	0.35847582276153706
74	file:/C:/Users/znowak/Documents/Projects/znowak_s21/almawadie/scripts/Annie-Hall.txt	0.02139382507693835	4.963764519011218E-5	0.06219596942321056	3.4746351633078526E-4	0.006899632681425593	0.417700784274794	0.0025315199046957214	0.029236573016976075	0.0036235480988781894	0.4560210463615606
75	file:/C:/Users/znowak/Documents/Projects/znowak_s21/almawadie/scripts/Anniversary-Party,-The.txt	0.19540136496587585	0.0025186870328241795	0.10424114397140072	2.4374390640233994E-4	0.006418589535261619	0.3093110172245694	5.687357816054598E-4	0.007068573285667858	0.004631134221644459	0.36959701007474816
76	file:/C:/Users/znowak/Documents/Projects/znowak_s21/almawadie/scripts/Anonymous.txt	0.0035482258870564716	0.0019490254872563718	0.18705647176411794	0.002848575712143928	0.5349825087456271	0.0033483258370814594	6.496751624187906E-4	6.496751624187906E-4	0.0010494752623688155	0.26391804097951027
77	file:/C:/Users/znowak/Documents/Projects/znowak_s21/almawadie/scripts/Antitrust.txt	0.1366917144552106	0.11958671148902511	0.1409432469843781	5.438006723353767E-4	0.0016314020170061301	0.15834486849911014	4.943642475776152E-5	0.08972711093533715	0.0016314020170061301	0.3508503065058335
78	file:/C:/Users/znowak/Documents/Projects/znowak_s21/almawadie/scripts/Antz.txt	0.005507771238871284	0.3620793722649766	0.3023238267692772	7.544892108042855E-5	0.06465972536592726	0.14025954428851667	2.2634676324128565E-4	7.544892108042855E-5	5.281424475629999E-4	0.12426437301946582
79	file:/C:/Users/znowak/Documents/Projects/znowak_s21/almawadie/scripts/Apartment,-The.txt	0.002448579823702253	0.0010239515626391238	0.14678123052266048	4.4519633158222776E-5	4.4519633158222776E-5	0.02132490428278871	0.13013088772148518	0.012777134716409937	0.0062772682753094115	0.6791470038286884
80	file:/C:/Users/znowak/Documents/Projects/znowak_s21/almawadie/scripts/Apocalypse-Now.txt	4.698846646732166E-4	0.3434002563007262	0.3459632635625801	0.003887227680478428	0.10444254592054678	0.07206322084579239	4.271678769756514E-5	0.0167876975651431	0.018752669799231098	0.09419051687313114
81	file:/C:/Users/znowak/Documents/Projects/znowak_s21/almawadie/scripts/April-Fool's-Day.txt	0.04024632993281911	9.330679273451107E-4	0.429771087335158	6.220452848967405E-5	0.0020527494401592437	0.334349340631998	6.220452848967405E-5	0.013249564568300572	9.330679273451107E-4	0.1783403831798955
82	file:/C:/Users/znowak/Documents/Projects/znowak_s21/almawadie/scripts/Apt-Pupil.txt	0.007244444444444445	4.4444444444444447E-5	0.40502222222222223	0.001288888888888889	0.02128888888888889	0.09791111111111112	2.2222222222222223E-4	0.027866666666666668	0.023688888888888888	0.41542222222222225
83	file:/C:/Users/znowak/Documents/Projects/znowak_s21/almawadie/scripts/Arbitrage.txt	7.725587144622991E-5	0.00842088998763906	0.05152966625463535	8.49814585908529E-4	0.006412237330037083	0.2720179233621755	0.005485166872682324	0.10081891223733004	0.01769159456118665	0.5366965389369592
84	file:/C:/Users/znowak/Documents/Projects/znowak_s21/almawadie/scripts/Arcade.txt	1.663524453809471E-4	0.06692913385826772	0.49201508262171456	5.5450815126982364E-5	1.663524453809471E-4	0.06326938005988689	1.663524453809471E-4	0.2392702672729289	0.06881446157258511	0.06914716646334701
85	file:/C:/Users/znowak/Documents/Projects/znowak_s21/almawadie/scripts/Arctic-Blue.txt	4.694434960737453E-4	0.04024411061795835	0.6682741550017071	1.2803004438374872E-4	0.0035421645612837144	0.060216797541823144	4.2676681461249574E-5	0.04391430522362581	0.015491635370433595	0.16767668146124956
86	file:/C:/Users/znowak/Documents/Projects/znowak_s21/almawadie/scripts/Armageddon.txt	0.10594205144096684	0.44015339324449954	0.21509916330957546	1.1620700340873877E-4	6.585063526495197E-4	0.05024016114037806	0.10477998140687945	0.02467462039045553	0.008560582584443756	0.04977533312674311
87	file:/C:/Users/znowak/Documents/Projects/znowak_s21/almawadie/scripts/Army-of-Darkness.txt	0.0026733356329768886	0.023715074163504657	0.8251983442566402	8.623663332183511E-5	0.1301310796826492	0.0069851672990686444	4.311831666091756E-4	7.76129699896516E-4	0.006640220765781304	0.0033632286995515697
88	file:/C:/Users/znowak/Documents/Projects/znowak_s21/almawadie/scripts/Arsenic-and-Old-Lace.txt	0.41572143452877397	4.5871559633027525E-4	0.11488740617180984	2.085070892410342E-4	0.0016263552960800666	0.0037114261884904085	4.170141784820684E-5	0.014553794829024186	0.0024603836530442034	0.4463302752293578
89	file:/C:/Users/znowak/Documents/Projects/znowak_s21/almawadie/scripts/Arthur.txt	0.1280204197390811	0.012989222915484969	0.16500283607487237	3.970504821327283E-4	0.02728304027226319	0.17464549064095292	0.0010777084515031198	0.04089619965967101	0.0019852524106636414	0.44770277935337494
90	file:/C:/Users/znowak/Documents/Projects/znowak_s21/almawadie/scripts/Artist,-The.txt	0.019655403144864504	0.0010873201739712277	0.2583640013382402	0.0019237203077952492	0.0072766811642689866	0.001756440281030445	8.364001338240214E-5	0.01714620274339244	8.364001338240214E-5	0.6926229508196722
91	file:/C:/Users/znowak/Documents/Projects/znowak_s21/almawadie/scripts/As-Good-As-It-Gets.txt	0.004476215927311598	6.01282736504543E-4	0.16548637092463922	6.680919294494922E-5	2.0042757883484769E-4	0.325026723677178	6.680919294494922E-5	0.01048904329235703	0.0014029930518439338	0.49218332442544094
92	file:/C:/Users/znowak/Documents/Projects/znowak_s21/almawadie/scripts/Assassins.txt	1.630080417300587E-4	0.008204738100412954	0.27792871114975004	5.433601391001956E-5	0.0017930884590306455	0.007552705933492719	2.716800695500978E-4	0.46201912627689634	1.630080417300587E-4	0.24184959791349706
93	file:/C:/Users/znowak/Documents/Projects/znowak_s21/almawadie/scripts/Assignment,-The.txt	0.049057988744800586	0.05908979691705407	0.2163363510317266	2.0389854008645298E-4	0.03478509093874888	0.026710708751325342	0.0029769186852622136	0.3751325340510562	0.0049343446700921625	0.2307723676698475
94	file:/C:/Users/znowak/Documents/Projects/znowak_s21/almawadie/scripts/August-Osage-County.txt	0.005771630615640599	2.5998336106489183E-4	0.16602537437603992	1.559900166389351E-4	0.03093801996672213	0.27272254575707155	0.13118760399334442	0.004835690515806988	0.0028598169717138104	0.38524334442595676
95	file:/C:/Users/znowak/Documents/Projects/znowak_s21/almawadie/scripts/Austin-Powers---International-Man-of-Mystery.txt	0.0036282622533418203	0.13246339910884786	0.1696371737746658	6.365372374283896E-5	0.027689369828134944	0.1350095480585614	0.21037555697008276	0.04373010821133036	0.0018459579885423297	0.2755569700827498
96	file:/C:/Users/znowak/Documents/Projects/znowak_s21/almawadie/scripts/Austin-Powers---The-Spy-Who-Shagged-Me.txt	0.008019072388383182	0.12707701199248664	0.22634012425950006	2.1673168617251842E-4	0.03012570437798006	0.18516110388672158	0.21189134518133218	0.015387949718248807	0.0048403409911862445	0.19094061551798874
97	file:/C:/Users/znowak/Documents/Projects/znowak_s21/almawadie/scripts/Authors-Anonymous.txt	0.007709880068532267	0.0033695031410622502	0.10079954311821816	5.711022272986865E-5	0.004511707595659623	0.37915476870359793	6.282124500285551E-4	0.04174757281553398	0.004511707595659623	0.4575099942889777
98	file:/C:/Users/znowak/Documents/Projects/znowak_s21/almawadie/scripts/Autumn-in-New-York.txt	0.18042700883466553	3.68111064366849E-4	0.263199411022297	2.6293647454774926E-4	0.0017353807320151452	0.1256310475389146	5.2587294909549855E-5	0.009728649558266723	1.5776188472864955E-4	0.4184371055952882
99	file:/C:/Users/znowak/Documents/Projects/znowak_s21/almawadie/scripts/Avatar.txt	4.0660578005755033E-4	0.16298636306768421	0.5478856499437007	3.1277367696734645E-5	0.0070999624671587635	0.012104341298636306	0.23548730138871513	3.440510446640811E-4	0.0070999624671587635	0.02655448517452771
100	file:/C:/Users/znowak/Documents/Projects/znowak_s21/almawadie/scripts/Avengers,-The-(2012).txt	5.277044854881267E-5	0.5198416886543535	0.2512401055408971	5.277044854881267E-5	0.02094986807387863	0.03319261213720317	0.0018469656992084432	0.0512401055408971	0.02274406332453826	0.09883905013192612
101	file:/C:/Users/znowak/Documents/Projects/znowak_s21/almawadie/scripts/Avengers,-The.txt	0.005363355237727097	0.07532856590645536	0.44187282566679553	4.831851565519907E-5	0.2343931194433707	0.00314070351758794	1.4495554696559721E-4	0.04285852338616158	2.4159257827599537E-4	0.19660804020100503
102	file:/C:/Users/znowak/Documents/Projects/znowak_s21/almawadie/scripts/Awakenings.txt	0.0027164232276451726	0.00752582828642679	0.26082116138225864	0.004230495190594941	0.005210188813680085	0.008149269682935518	0.003696116850730317	0.00948521553259708	0.005655504096900606	0.6925097969362308
103	file:/C:/Users/znowak/Documents/Projects/znowak_s21/almawadie/scripts/Babel.txt	0.0010337698139214334	4.922713399625874E-5	0.23781628433592597	4.922713399625874E-5	0.29728266220340654	0.13630993403564046	0.0010337698139214334	0.11228709264546619	4.922713399625874E-5	0.21408880574972924
104	file:/C:/Users/znowak/Documents/Projects/znowak_s21/almawadie/scripts/Bachelor-Party,-The.txt	0.00444876252812436	4.602168132542442E-4	0.12748005727142564	0.0011761096338719574	0.0020965432603804457	0.17370627940274086	9.715688279811822E-4	0.048629576600531806	6.647576191450194E-4	0.6403661280425444
105	file:/C:/Users/znowak/Documents/Projects/znowak_s21/almawadie/scripts/Bachelor-Party.txt	0.0041510292277948365	0.002103946320937109	0.18281587626521095	5.6863414079381326E-5	0.0026725804617309225	0.48953713180939384	0.0010804048675082452	0.08273626748549982	0.012339360855225748	0.22250653929261913
106	file:/C:/Users/znowak/Documents/Projects/znowak_s21/almawadie/scripts/Back-up-Plan,-The.txt	6.897503103876396E-5	3.4487515519381984E-4	0.16009104704097116	2.0692509311629191E-4	0.0076562284453028	0.6187750034487516	0.002690026210511795	8.966754035039315E-4	0.0011725755276589874	0.20809766864395088
107	file:/C:/Users/znowak/Documents/Projects/znowak_s21/almawadie/scripts/Backdraft.txt	0.004130793982085399	0.016827550221758414	0.37998956430994	4.348204191668841E-5	4.348204191668841E-5	0.13266370988781634	0.20049569527785024	0.11274893468997305	0.0010000869640838335	0.15205670058265935
108	file:/C:/Users/znowak/Documents/Projects/znowak_s21/almawadie/scripts/Bad-Boys.txt	0.006367878670036943	0.009381683842115497	0.16240521096636204	4.860976083997667E-5	4.3748784755979E-4	0.26409683064359324	0.0029651954112385765	0.4644662648259771	0.014631538012832977	0.0751993000194439
109	file:/C:/Users/znowak/Documents/Projects/znowak_s21/almawadie/scripts/Bad-Country.txt	4.8976393378391615E-5	0.007101577039866784	0.27412087373885785	4.8976393378391615E-5	0.007689293760407483	0.021892447840141053	0.18233911254775198	0.3253501812126555	0.06401214614555784	0.1173964149280047
110	file:/C:/Users/znowak/Documents/Projects/znowak_s21/almawadie/scripts/Bad-Day-at-Black-Rock.txt	5.5401662049861494E-5	5.5401662049861494E-5	0.46565096952908586	0.05955678670360111	0.003157894736842105	0.0010526315789473684	0.030526315789473683	0.09335180055401662	0.045373961218836564	0.30121883656509696
111	file:/C:/Users/znowak/Documents/Projects/znowak_s21/almawadie/scripts/Bad-Dreams.txt	2.8331822302810517E-4	0.02362873980054397	0.369616953762466	5.666364460562103E-5	0.0034564823209428833	0.13842928377153219	5.666364460562103E-5	0.0374546690843155	0.13888259292837715	0.28813463281958296
112	file:/C:/Users/znowak/Documents/Projects/znowak_s21/almawadie/scripts/Bad-Teacher.txt	0.002623550945698597	0.007016473459426479	0.10170835875533862	1.830384380719951E-4	0.014215985356924954	0.5627211714460036	0.0016473459426479561	0.029835265405735206	6.711409395973154E-4	0.27937766931055524
113	file:/C:/Users/znowak/Documents/Projects/znowak_s21/almawadie/scripts/Bamboozled.txt	0.013367463026166098	0.013026166097838453	0.08686006825938566	2.844141069397042E-4	0.25534698521046645	0.21063708759954494	1.7064846416382253E-4	0.031569965870307165	0.08993174061433447	0.29880546075085324
114	file:/C:/Users/znowak/Documents/Projects/znowak_s21/almawadie/scripts/Barry-Lyndon.txt	0.02210015329586101	0.0022568557315619147	0.10368761710100494	8.090614886731392E-4	0.5638306932379492	8.942258559018906E-4	2.980752853006302E-4	2.1291091807187874E-4	0.0035343212399931868	0.30237608584568215
115	file:/C:/Users/znowak/Documents/Projects/znowak_s21/almawadie/scripts/Basic-Instinct.txt	0.004554958183990442	5.22700119474313E-4	0.1340352449223417	7.467144563918757E-5	5.22700119474313E-4	0.1574820788530466	5.22700119474313E-4	0.1543458781362007	0.11999701314217444	0.427942054958184
116	file:/C:/Users/znowak/Documents/Projects/znowak_s21/almawadie/scripts/Basic.txt	5.867167331612298E-5	0.023175310959868575	0.20517484158648205	5.867167331612298E-5	0.35513963858249237	0.13781976061957288	1.7601501994836893E-4	0.09768833607134475	2.933583665806149E-4	0.18041539544707816
117	file:/C:/Users/znowak/Documents/Projects/znowak_s21/almawadie/scripts/Basquiat.txt	0.023318444561219127	0.0020362585391487126	0.18280346820809248	0.006897004729374672	0.011363636363636364	0.177679978980557	0.1679584866001051	0.049724119810825015	0.0032186022070415134	0.375
118	file:/C:/Users/znowak/Documents/Projects/znowak_s21/almawadie/scripts/Batman-2.txt	0.002211975824038881	0.01411302884914948	0.46535609695308117	6.542463704903732E-4	0.005078198018568135	0.0066359274721166425	1.5577294535485078E-4	0.3729515857685837	0.001215028973767836	0.1316281388248489
119	file:/C:/Users/znowak/Documents/Projects/znowak_s21/almawadie/scripts/Batman.txt	0.028527453647362016	0.019793829193213545	0.40901281408833845	3.579354284487079E-5	6.800773140525449E-4	0.018505261650798195	3.9372897129357864E-4	0.3841005082683084	0.008339895482854893	0.1306106378409335
120	file:/C:/Users/znowak/Documents/Projects/znowak_s21/almawadie/scripts/Battle-of-Algiers,-The.txt	1.110206498408704E-4	0.002183406113537118	0.3780253127081637	0.004255791577233365	0.2960180593590408	7.771445488860928E-4	3.7006883280290134E-5	0.04414921175338613	1.110206498408704E-4	0.2743320257567908
121	file:/C:/Users/znowak/Documents/Projects/znowak_s21/almawadie/scripts/Bean.txt	0.21116705183228787	0.01134862991086167	0.22676625949158138	4.1267745130406077E-5	2.0633872565203038E-4	0.09149059095411027	6.190161769560911E-4	0.08092604820072631	0.0015269065698250248	0.3759078903928689
122	file:/C:/Users/znowak/Documents/Projects/znowak_s21/almawadie/scripts/Beasts-of-No-Nation.txt	4.498200719712115E-4	0.019742103158736507	0.42767892842862854	4.998000799680128E-5	0.444672131147541	0.011145541783286686	1.4994002399040384E-4	0.009846061575369852	3.4986005597760896E-4	0.0859156337465014
123	file:/C:/Users/znowak/Documents/Projects/znowak_s21/almawadie/scripts/Beasts-of-the-Southern-Wild.txt	3.6038633415020905E-4	0.01564076690211907	0.5860602565950699	9.370044687905435E-4	0.001801931670751045	0.06004036326942482	0.006270722214213637	9.370044687905435E-4	0.2627216375955024	0.06522992648118783
124	file:/C:/Users/znowak/Documents/Projects/znowak_s21/almawadie/scripts/Beauty-and-the-Beast.txt	0.01346370431043309	0.0010750486331524522	0.4875089587386096	0.006808641343298863	0.32389679533121735	0.025647588819494214	5.1192792054878675E-5	6.655062967134228E-4	0.001894133306030511	0.13898843042899559
125	file:/C:/Users/znowak/Documents/Projects/znowak_s21/almawadie/scripts/Beavis-and-Butt-head-Do-America.txt	0.0026909950118141246	0.07567603045418746	0.15456812811761617	0.11650039380414808	0.0011157784195326857	0.4010895248096613	1.9690207403517984E-4	0.16664478865844054	0.009910737726437385	0.07160672092412707
126	file:/C:/Users/znowak/Documents/Projects/znowak_s21/almawadie/scripts/Beginners.txt	0.2476038338658147	2.2820629849383843E-4	0.12102540696789899	0.002358131751102997	7.606876616461281E-5	0.13456564734520007	0.01194279628784421	0.011182108626198083	6.846188954815153E-4	0.47033318119580103
127	file:/C:/Users/znowak/Documents/Projects/znowak_s21/almawadie/scripts/Being-Human.txt	0.0065577078288942695	0.009584342211460855	0.34264864137745493	2.3540489642184556E-4	0.11692897497982244	0.026264460586494485	0.14161285983319882	3.026634382566586E-4	3.362927091740651E-5	0.3558313155770783
128	file:/C:/Users/znowak/Documents/Projects/znowak_s21/almawadie/scripts/Being-There.txt	0.00424731182795699	0.010591397849462366	0.0928494623655914	1.6129032258064516E-4	0.019408602150537635	0.00510752688172043	5.913978494623656E-4	0.030053763440860214	0.015	0.821989247311828
129	file:/C:/Users/znowak/Documents/Projects/znowak_s21/almawadie/scripts/Believer,-The.txt	0.005299324481714419	0.005415793151642208	0.1641625902632192	5.8234334963894714E-5	0.20888655951549034	0.09626135569531796	0.01484975541579315	0.17755648730491497	9.8998369438621E-4	0.32651991614255765
130	file:/C:/Users/znowak/Documents/Projects/znowak_s21/almawadie/scripts/Belle.txt	0.01674786845310597	0.0010353227771010961	0.25426309378806333	1.8270401948842875E-4	0.5074908647990256	1.8270401948842875E-4	9.135200974421437E-4	3.045066991473812E-4	1.8270401948842875E-4	0.2186967113276492
131	file:/C:/Users/znowak/Documents/Projects/znowak_s21/almawadie/scripts/Beloved.txt	0.3780218882718066	4.0836327997386474E-5	0.3320401829467494	4.0836327997386474E-5	0.008943155831427638	0.01866220189480562	4.0836327997386474E-5	4.0836327997386474E-5	0.004696177719699444	0.2574730480235217
132	file:/C:/Users/znowak/Documents/Projects/znowak_s21/almawadie/scripts/Best-Exotic-Marigold-Hotel,-The.txt	0.16770756796473182	0.003245162870438403	0.1488488856233162	0.0011633602743081068	0.05724957139358315	0.028594170952730834	0.012184668136174382	0.0245530247367132	0.01144991427871663	0.5450036737692873
133	file:/C:/Users/znowak/Documents/Projects/znowak_s21/almawadie/scripts/Big-Blue,-The.txt	0.004339391464161731	0.3095262405554421	0.2825709618133551	6.636716356953236E-4	0.003726771492750664	0.01873596079232183	5.1051664284255664E-5	0.0015826015928119257	9.699816214008577E-4	0.3778333673677762
